time,depth,latitude,longitude,salinity
UTC,m,degrees_north,degrees_east,PSU
2018-01-15T00:00:00Z,0.0,5.039999961853027,97.0400390625,NaN
2018-01-15T00:00:00Z,0.0,5.039999961853027,97.52001953125,NaN
2018-01-15T00:00:00Z,0.0,5.039999961853027,98.0,32.637
2018-01-15T00:00:00Z,0.0,5.039999961853027,98.47998046875,32.841
2018-01-15T00:00:00Z,0.0,5.039999961853027,98.9599609375,32.701
2018-01-15T00:00:00Z,0.0,5.039999961853027,99.43994140625,32.177
2018-01-15T00:00:00Z,0.0,5.039999961853027,99.9200439453125,31.408
2018-01-15T00:00:00Z,0.0,5.039999961853027,100.4000244140625,NaN
2018-01-15T00:00:00Z,0.0,5.039999961853027,100.8800048828125,NaN
2018-01-15T00:00:00Z,0.0,5.039999961853027,101.3599853515625,NaN
2018-01-15T00:00:00Z,0.0,5.039999961853027,101.8399658203125,NaN
2018-01-15T00:00:00Z,0.0,5.039999961853027,102.3199462890625,NaN
2018-01-15T00:00:00Z,0.0,5.039999961853027,102.800048828125,NaN
2018-01-15T00:00:00Z,0.0,5.039999961853027,103.280029296875,NaN
2018-01-15T00:00:00Z,0.0,5.039999961853027,103.760009765625,32.457
2018-01-15T00:00:00Z,0.0,5.039999961853027,104.239990234375,32.777
2018-01-15T00:00:00Z,0.0,5.039999961853027,104.719970703125,32.803
2018-01-15T00:00:00Z,0.0,5.039999961853027,105.199951171875,32.901
2018-01-15T00:00:00Z,0.0,5.039999961853027,105.6800537109375,33.006
2018-01-15T00:00:00Z,0.0,5.519999980926514,97.0400390625,33.846
2018-01-15T00:00:00Z,0.0,5.519999980926514,97.52001953125,32.937
2018-01-15T00:00:00Z,0.0,5.519999980926514,98.0,32.663
2018-01-15T00:00:00Z,0.0,5.519999980926514,98.47998046875,33.074
2018-01-15T00:00:00Z,0.0,5.519999980926514,98.9599609375,33.124
2018-01-15T00:00:00Z,0.0,5.519999980926514,99.43994140625,32.02
2018-01-15T00:00:00Z,0.0,5.519999980926514,99.9200439453125,31.303
2018-01-15T00:00:00Z,0.0,5.519999980926514,100.4000244140625,NaN
2018-01-15T00:00:00Z,0.0,5.519999980926514,100.8800048828125,NaN
2018-01-15T00:00:00Z,0.0,5.519999980926514,101.3599853515625,NaN
2018-01-15T00:00:00Z,0.0,5.519999980926514,101.8399658203125,NaN
2018-01-15T00:00:00Z,0.0,5.519999980926514,102.3199462890625,NaN
2018-01-15T00:00:00Z,0.0,5.519999980926514,102.800048828125,NaN
2018-01-15T00:00:00Z,0.0,5.519999980926514,103.280029296875,32.398
2018-01-15T00:00:00Z,0.0,5.519999980926514,103.760009765625,32.836
2018-01-15T00:00:00Z,0.0,5.519999980926514,104.239990234375,32.891
2018-01-15T00:00:00Z,0.0,5.519999980926514,104.719970703125,32.864
2018-01-15T00:00:00Z,0.0,5.519999980926514,105.199951171875,33.001
2018-01-15T00:00:00Z,0.0,5.519999980926514,105.6800537109375,33.277
2018-01-15T00:00:00Z,0.0,6.0,97.0400390625,33.674
2018-01-15T00:00:00Z,0.0,6.0,97.52001953125,33.559
2018-01-15T00:00:00Z,0.0,6.0,98.0,32.963
2018-01-15T00:00:00Z,0.0,6.0,98.47998046875,33.161
2018-01-15T00:00:00Z,0.0,6.0,98.9599609375,33.166
2018-01-15T00:00:00Z,0.0,6.0,99.43994140625,32.126
2018-01-15T00:00:00Z,0.0,6.0,99.9200439453125,31.269
2018-01-15T00:00:00Z,0.0,6.0,100.4000244140625,NaN
2018-01-15T00:00:00Z,0.0,6.0,100.8800048828125,NaN
2018-01-15T00:00:00Z,0.0,6.0,101.3599853515625,NaN
2018-01-15T00:00:00Z,0.0,6.0,101.8399658203125,NaN
2018-01-15T00:00:00Z,0.0,6.0,102.3199462890625,NaN
2018-01-15T00:00:00Z,0.0,6.0,102.800048828125,31.968
2018-01-15T00:00:00Z,0.0,6.0,103.280029296875,32.574
2018-01-15T00:00:00Z,0.0,6.0,103.760009765625,32.839
2018-01-15T00:00:00Z,0.0,6.0,104.239990234375,32.825
2018-01-15T00:00:00Z,0.0,6.0,104.719970703125,32.933
2018-01-15T00:00:00Z,0.0,6.0,105.199951171875,33.113
2018-01-15T00:00:00Z,0.0,6.0,105.6800537109375,33.233
2018-01-15T00:00:00Z,0.0,6.480000019073486,97.0400390625,33.654
2018-01-15T00:00:00Z,0.0,6.480000019073486,97.52001953125,33.752
2018-01-15T00:00:00Z,0.0,6.480000019073486,98.0,33.419
2018-01-15T00:00:00Z,0.0,6.480000019073486,98.47998046875,33.488
2018-01-15T00:00:00Z,0.0,6.480000019073486,98.9599609375,32.697
2018-01-15T00:00:00Z,0.0,6.480000019073486,99.43994140625,31.223
2018-01-15T00:00:00Z,0.0,6.480000019073486,99.9200439453125,NaN
2018-01-15T00:00:00Z,0.0,6.480000019073486,100.4000244140625,NaN
2018-01-15T00:00:00Z,0.0,6.480000019073486,100.8800048828125,NaN
2018-01-15T00:00:00Z,0.0,6.480000019073486,101.3599853515625,NaN
2018-01-15T00:00:00Z,0.0,6.480000019073486,101.8399658203125,30.843
2018-01-15T00:00:00Z,0.0,6.480000019073486,102.3199462890625,31.78
2018-01-15T00:00:00Z,0.0,6.480000019073486,102.800048828125,32.037
2018-01-15T00:00:00Z,0.0,6.480000019073486,103.280029296875,32.131
2018-01-15T00:00:00Z,0.0,6.480000019073486,103.760009765625,32.743
2018-01-15T00:00:00Z,0.0,6.480000019073486,104.239990234375,32.79
2018-01-15T00:00:00Z,0.0,6.480000019073486,104.719970703125,32.991
2018-01-15T00:00:00Z,0.0,6.480000019073486,105.199951171875,33.183
2018-01-15T00:00:00Z,0.0,6.480000019073486,105.6800537109375,33.337
2018-01-15T00:00:00Z,0.0,6.960000038146973,97.0400390625,33.558
2018-01-15T00:00:00Z,0.0,6.960000038146973,97.52001953125,33.438
2018-01-15T00:00:00Z,0.0,6.960000038146973,98.0,33.566
2018-01-15T00:00:00Z,0.0,6.960000038146973,98.47998046875,33.68
2018-01-15T00:00:00Z,0.0,6.960000038146973,98.9599609375,32.58
2018-01-15T00:00:00Z,0.0,6.960000038146973,99.43994140625,31.384
2018-01-15T00:00:00Z,0.0,6.960000038146973,99.9200439453125,NaN
2018-01-15T00:00:00Z,0.0,6.960000038146973,100.4000244140625,NaN
2018-01-15T00:00:00Z,0.0,6.960000038146973,100.8800048828125,NaN
2018-01-15T00:00:00Z,0.0,6.960000038146973,101.3599853515625,30.954
2018-01-15T00:00:00Z,0.0,6.960000038146973,101.8399658203125,31.577
2018-01-15T00:00:00Z,0.0,6.960000038146973,102.3199462890625,31.665
2018-01-15T00:00:00Z,0.0,6.960000038146973,102.800048828125,31.599
2018-01-15T00:00:00Z,0.0,6.960000038146973,103.280029296875,32.282
2018-01-15T00:00:00Z,0.0,6.960000038146973,103.760009765625,32.702
2018-01-15T00:00:00Z,0.0,6.960000038146973,104.239990234375,32.712
2018-01-15T00:00:00Z,0.0,6.960000038146973,104.719970703125,32.931
2018-01-15T00:00:00Z,0.0,6.960000038146973,105.199951171875,33.181
2018-01-15T00:00:00Z,0.0,6.960000038146973,105.6800537109375,33.278
2018-01-15T00:00:00Z,0.0,7.440000057220459,97.0400390625,33.496
2018-01-15T00:00:00Z,0.0,7.440000057220459,97.52001953125,33.449
2018-01-15T00:00:00Z,0.0,7.440000057220459,98.0,33.568
2018-01-15T00:00:00Z,0.0,7.440000057220459,98.47998046875,32.98
2018-01-15T00:00:00Z,0.0,7.440000057220459,98.9599609375,31.768
2018-01-15T00:00:00Z,0.0,7.440000057220459,99.43994140625,NaN
2018-01-15T00:00:00Z,0.0,7.440000057220459,99.9200439453125,NaN
2018-01-15T00:00:00Z,0.0,7.440000057220459,100.4000244140625,NaN
2018-01-15T00:00:00Z,0.0,7.440000057220459,100.8800048828125,31.211
2018-01-15T00:00:00Z,0.0,7.440000057220459,101.3599853515625,31.261
2018-01-15T00:00:00Z,0.0,7.440000057220459,101.8399658203125,31.527
2018-01-15T00:00:00Z,0.0,7.440000057220459,102.3199462890625,31.691
2018-01-15T00:00:00Z,0.0,7.440000057220459,102.800048828125,31.7
2018-01-15T00:00:00Z,0.0,7.440000057220459,103.280029296875,32.02
2018-01-15T00:00:00Z,0.0,7.440000057220459,103.760009765625,32.431
2018-01-15T00:00:00Z,0.0,7.440000057220459,104.239990234375,32.777
2018-01-15T00:00:00Z,0.0,7.440000057220459,104.719970703125,32.978
2018-01-15T00:00:00Z,0.0,7.440000057220459,105.199951171875,33.138
2018-01-15T00:00:00Z,0.0,7.440000057220459,105.6800537109375,33.245
2018-01-15T00:00:00Z,0.0,7.920000076293945,97.0400390625,33.547
2018-01-15T00:00:00Z,0.0,7.920000076293945,97.52001953125,33.447
2018-01-15T00:00:00Z,0.0,7.920000076293945,98.0,33.232
2018-01-15T00:00:00Z,0.0,7.920000076293945,98.47998046875,NaN
2018-01-15T00:00:00Z,0.0,7.920000076293945,98.9599609375,NaN
2018-01-15T00:00:00Z,0.0,7.920000076293945,99.43994140625,NaN
2018-01-15T00:00:00Z,0.0,7.920000076293945,99.9200439453125,NaN
2018-01-15T00:00:00Z,0.0,7.920000076293945,100.4000244140625,30.428
2018-01-15T00:00:00Z,0.0,7.920000076293945,100.8800048828125,31.051
2018-01-15T00:00:00Z,0.0,7.920000076293945,101.3599853515625,31.311
2018-01-15T00:00:00Z,0.0,7.920000076293945,101.8399658203125,31.581
2018-01-15T00:00:00Z,0.0,7.920000076293945,102.3199462890625,31.756
2018-01-15T00:00:00Z,0.0,7.920000076293945,102.800048828125,31.758
2018-01-15T00:00:00Z,0.0,7.920000076293945,103.280029296875,31.551
2018-01-15T00:00:00Z,0.0,7.920000076293945,103.760009765625,32.823
2018-01-15T00:00:00Z,0.0,7.920000076293945,104.239990234375,33.077
2018-01-15T00:00:00Z,0.0,7.920000076293945,104.719970703125,33.373
2018-01-15T00:00:00Z,0.0,7.920000076293945,105.199951171875,33.484
2018-01-15T00:00:00Z,0.0,7.920000076293945,105.6800537109375,33.601
2018-01-15T00:00:00Z,0.0,8.399999618530273,97.0400390625,33.298
2018-01-15T00:00:00Z,0.0,8.399999618530273,97.52001953125,33.245
2018-01-15T00:00:00Z,0.0,8.399999618530273,98.0,32.912
2018-01-15T00:00:00Z,0.0,8.399999618530273,98.47998046875,NaN
2018-01-15T00:00:00Z,0.0,8.399999618530273,98.9599609375,NaN
2018-01-15T00:00:00Z,0.0,8.399999618530273,99.43994140625,NaN
2018-01-15T00:00:00Z,0.0,8.399999618530273,99.9200439453125,NaN
2018-01-15T00:00:00Z,0.0,8.399999618530273,100.4000244140625,30.609
2018-01-15T00:00:00Z,0.0,8.399999618530273,100.8800048828125,31.16
2018-01-15T00:00:00Z,0.0,8.399999618530273,101.3599853515625,31.38
2018-01-15T00:00:00Z,0.0,8.399999618530273,101.8399658203125,31.658
2018-01-15T00:00:00Z,0.0,8.399999618530273,102.3199462890625,31.727
2018-01-15T00:00:00Z,0.0,8.399999618530273,102.800048828125,31.634
2018-01-15T00:00:00Z,0.0,8.399999618530273,103.280029296875,31.734
2018-01-15T00:00:00Z,0.0,8.399999618530273,103.760009765625,31.51
2018-01-15T00:00:00Z,0.0,8.399999618530273,104.239990234375,31.897
2018-01-15T00:00:00Z,0.0,8.399999618530273,104.719970703125,32.415
2018-01-15T00:00:00Z,0.0,8.399999618530273,105.199951171875,32.457
2018-01-15T00:00:00Z,0.0,8.399999618530273,105.6800537109375,33.413
2018-01-15T00:00:00Z,0.0,8.880000114440918,97.0400390625,33.294
2018-01-15T00:00:00Z,0.0,8.880000114440918,97.52001953125,32.966
2018-01-15T00:00:00Z,0.0,8.880000114440918,98.0,32.317
2018-01-15T00:00:00Z,0.0,8.880000114440918,98.47998046875,NaN
2018-01-15T00:00:00Z,0.0,8.880000114440918,98.9599609375,NaN
2018-01-15T00:00:00Z,0.0,8.880000114440918,99.43994140625,NaN
2018-01-15T00:00:00Z,0.0,8.880000114440918,99.9200439453125,NaN
2018-01-15T00:00:00Z,0.0,8.880000114440918,100.4000244140625,31.018
2018-01-15T00:00:00Z,0.0,8.880000114440918,100.8800048828125,31.222
2018-01-15T00:00:00Z,0.0,8.880000114440918,101.3599853515625,31.429
2018-01-15T00:00:00Z,0.0,8.880000114440918,101.8399658203125,31.663
2018-01-15T00:00:00Z,0.0,8.880000114440918,102.3199462890625,31.552
2018-01-15T00:00:00Z,0.0,8.880000114440918,102.800048828125,31.453
2018-01-15T00:00:00Z,0.0,8.880000114440918,103.280029296875,31.505
2018-01-15T00:00:00Z,0.0,8.880000114440918,103.760009765625,31.605
2018-01-15T00:00:00Z,0.0,8.880000114440918,104.239990234375,31.713
2018-01-15T00:00:00Z,0.0,8.880000114440918,104.719970703125,31.878
2018-01-15T00:00:00Z,0.0,8.880000114440918,105.199951171875,NaN
2018-01-15T00:00:00Z,0.0,8.880000114440918,105.6800537109375,30.972
2018-01-15T00:00:00Z,0.0,9.359999656677246,97.0400390625,33.516
2018-01-15T00:00:00Z,0.0,9.359999656677246,97.52001953125,33.396
2018-01-15T00:00:00Z,0.0,9.359999656677246,98.0,32.137
2018-01-15T00:00:00Z,0.0,9.359999656677246,98.47998046875,NaN
2018-01-15T00:00:00Z,0.0,9.359999656677246,98.9599609375,NaN
2018-01-15T00:00:00Z,0.0,9.359999656677246,99.43994140625,29.871
2018-01-15T00:00:00Z,0.0,9.359999656677246,99.9200439453125,NaN
2018-01-15T00:00:00Z,0.0,9.359999656677246,100.4000244140625,31.185
2018-01-15T00:00:00Z,0.0,9.359999656677246,100.8800048828125,31.273
2018-01-15T00:00:00Z,0.0,9.359999656677246,101.3599853515625,31.488
2018-01-15T00:00:00Z,0.0,9.359999656677246,101.8399658203125,31.608
2018-01-15T00:00:00Z,0.0,9.359999656677246,102.3199462890625,31.534
2018-01-15T00:00:00Z,0.0,9.359999656677246,102.800048828125,31.427
2018-01-15T00:00:00Z,0.0,9.359999656677246,103.280029296875,31.507
2018-01-15T00:00:00Z,0.0,9.359999656677246,103.760009765625,31.611
2018-01-15T00:00:00Z,0.0,9.359999656677246,104.239990234375,31.703
2018-01-15T00:00:00Z,0.0,9.359999656677246,104.719970703125,31.813
2018-01-15T00:00:00Z,0.0,9.359999656677246,105.199951171875,NaN
2018-01-15T00:00:00Z,0.0,9.359999656677246,105.6800537109375,NaN
2018-01-15T00:00:00Z,0.0,9.84000015258789,97.0400390625,33.515
2018-01-15T00:00:00Z,0.0,9.84000015258789,97.52001953125,33.371
2018-01-15T00:00:00Z,0.0,9.84000015258789,98.0,31.909
2018-01-15T00:00:00Z,0.0,9.84000015258789,98.47998046875,NaN
2018-01-15T00:00:00Z,0.0,9.84000015258789,98.9599609375,NaN
2018-01-15T00:00:00Z,0.0,9.84000015258789,99.43994140625,31.065
2018-01-15T00:00:00Z,0.0,9.84000015258789,99.9200439453125,31.341
2018-01-15T00:00:00Z,0.0,9.84000015258789,100.4000244140625,31.444
2018-01-15T00:00:00Z,0.0,9.84000015258789,100.8800048828125,31.37
2018-01-15T00:00:00Z,0.0,9.84000015258789,101.3599853515625,31.418
2018-01-15T00:00:00Z,0.0,9.84000015258789,101.8399658203125,31.554
2018-01-15T00:00:00Z,0.0,9.84000015258789,102.3199462890625,31.431
2018-01-15T00:00:00Z,0.0,9.84000015258789,102.800048828125,31.453
2018-01-15T00:00:00Z,0.0,9.84000015258789,103.280029296875,31.514
2018-01-15T00:00:00Z,0.0,9.84000015258789,103.760009765625,31.583
2018-01-15T00:00:00Z,0.0,9.84000015258789,104.239990234375,31.655
2018-01-15T00:00:00Z,0.0,9.84000015258789,104.719970703125,31.738
2018-01-15T00:00:00Z,0.0,9.84000015258789,105.199951171875,NaN
2018-01-15T00:00:00Z,0.0,9.84000015258789,105.6800537109375,NaN
2018-01-15T00:00:00Z,0.0,10.319999694824219,97.0400390625,33.494
2018-01-15T00:00:00Z,0.0,10.319999694824219,97.52001953125,33.378
2018-01-15T00:00:00Z,0.0,10.319999694824219,98.0,NaN
2018-01-15T00:00:00Z,0.0,10.319999694824219,98.47998046875,NaN
2018-01-15T00:00:00Z,0.0,10.319999694824219,98.9599609375,NaN
2018-01-15T00:00:00Z,0.0,10.319999694824219,99.43994140625,31.718
2018-01-15T00:00:00Z,0.0,10.319999694824219,99.9200439453125,31.742
2018-01-15T00:00:00Z,0.0,10.319999694824219,100.4000244140625,31.734
2018-01-15T00:00:00Z,0.0,10.319999694824219,100.8800048828125,31.71
2018-01-15T00:00:00Z,0.0,10.319999694824219,101.3599853515625,31.638
2018-01-15T00:00:00Z,0.0,10.319999694824219,101.8399658203125,31.513
2018-01-15T00:00:00Z,0.0,10.319999694824219,102.3199462890625,31.489
2018-01-15T00:00:00Z,0.0,10.319999694824219,102.800048828125,31.545
2018-01-15T00:00:00Z,0.0,10.319999694824219,103.280029296875,31.373
2018-01-15T00:00:00Z,0.0,10.319999694824219,103.760009765625,31.405
2018-01-15T00:00:00Z,0.0,10.319999694824219,104.239990234375,31.415
2018-01-15T00:00:00Z,0.0,10.319999694824219,104.719970703125,NaN
2018-01-15T00:00:00Z,0.0,10.319999694824219,105.199951171875,NaN
2018-01-15T00:00:00Z,0.0,10.319999694824219,105.6800537109375,NaN
2018-01-15T00:00:00Z,0.0,10.800000190734863,97.0400390625,33.29
2018-01-15T00:00:00Z,0.0,10.800000190734863,97.52001953125,33.324
2018-01-15T00:00:00Z,0.0,10.800000190734863,98.0,31.996
2018-01-15T00:00:00Z,0.0,10.800000190734863,98.47998046875,NaN
2018-01-15T00:00:00Z,0.0,10.800000190734863,98.9599609375,NaN
2018-01-15T00:00:00Z,0.0,10.800000190734863,99.43994140625,NaN
2018-01-15T00:00:00Z,0.0,10.800000190734863,99.9200439453125,31.774
2018-01-15T00:00:00Z,0.0,10.800000190734863,100.4000244140625,31.754
2018-01-15T00:00:00Z,0.0,10.800000190734863,100.8800048828125,31.682
2018-01-15T00:00:00Z,0.0,10.800000190734863,101.3599853515625,31.488
2018-01-15T00:00:00Z,0.0,10.800000190734863,101.8399658203125,31.443
2018-01-15T00:00:00Z,0.0,10.800000190734863,102.3199462890625,31.544
2018-01-15T00:00:00Z,0.0,10.800000190734863,102.800048828125,31.568
2018-01-15T00:00:00Z,0.0,10.800000190734863,103.280029296875,NaN
2018-01-15T00:00:00Z,0.0,10.800000190734863,103.760009765625,NaN
2018-01-15T00:00:00Z,0.0,10.800000190734863,104.239990234375,NaN
2018-01-15T00:00:00Z,0.0,10.800000190734863,104.719970703125,NaN
2018-01-15T00:00:00Z,0.0,10.800000190734863,105.199951171875,NaN
2018-01-15T00:00:00Z,0.0,10.800000190734863,105.6800537109375,NaN
2018-01-15T00:00:00Z,0.0,11.279999732971191,97.0400390625,33.088
2018-01-15T00:00:00Z,0.0,11.279999732971191,97.52001953125,33.368
2018-01-15T00:00:00Z,0.0,11.279999732971191,98.0,31.907
2018-01-15T00:00:00Z,0.0,11.279999732971191,98.47998046875,31.736
2018-01-15T00:00:00Z,0.0,11.279999732971191,98.9599609375,NaN
2018-01-15T00:00:00Z,0.0,11.279999732971191,99.43994140625,NaN
2018-01-15T00:00:00Z,0.0,11.279999732971191,99.9200439453125,31.771
2018-01-15T00:00:00Z,0.0,11.279999732971191,100.4000244140625,31.731
2018-01-15T00:00:00Z,0.0,11.279999732971191,100.8800048828125,31.606
2018-01-15T00:00:00Z,0.0,11.279999732971191,101.3599853515625,31.458
2018-01-15T00:00:00Z,0.0,11.279999732971191,101.8399658203125,31.454
2018-01-15T00:00:00Z,0.0,11.279999732971191,102.3199462890625,31.534
2018-01-15T00:00:00Z,0.0,11.279999732971191,102.800048828125,31.523
2018-01-15T00:00:00Z,0.0,11.279999732971191,103.280029296875,NaN
2018-01-15T00:00:00Z,0.0,11.279999732971191,103.760009765625,NaN
2018-01-15T00:00:00Z,0.0,11.279999732971191,104.239990234375,NaN
2018-01-15T00:00:00Z,0.0,11.279999732971191,104.719970703125,NaN
2018-01-15T00:00:00Z,0.0,11.279999732971191,105.199951171875,NaN
2018-01-15T00:00:00Z,0.0,11.279999732971191,105.6800537109375,NaN
2018-01-15T00:00:00Z,0.0,11.760000228881836,97.0400390625,32.918
2018-01-15T00:00:00Z,0.0,11.760000228881836,97.52001953125,31.914
2018-01-15T00:00:00Z,0.0,11.760000228881836,98.0,31.895
2018-01-15T00:00:00Z,0.0,11.760000228881836,98.47998046875,NaN
2018-01-15T00:00:00Z,0.0,11.760000228881836,98.9599609375,NaN
2018-01-15T00:00:00Z,0.0,11.760000228881836,99.43994140625,NaN
2018-01-15T00:00:00Z,0.0,11.760000228881836,99.9200439453125,31.776
2018-01-15T00:00:00Z,0.0,11.760000228881836,100.4000244140625,31.742
2018-01-15T00:00:00Z,0.0,11.760000228881836,100.8800048828125,31.68
2018-01-15T00:00:00Z,0.0,11.760000228881836,101.3599853515625,31.599
2018-01-15T00:00:00Z,0.0,11.760000228881836,101.8399658203125,31.569
2018-01-15T00:00:00Z,0.0,11.760000228881836,102.3199462890625,31.579
2018-01-15T00:00:00Z,0.0,11.760000228881836,102.800048828125,31.323
2018-01-15T00:00:00Z,0.0,11.760000228881836,103.280029296875,NaN
2018-01-15T00:00:00Z,0.0,11.760000228881836,103.760009765625,NaN
2018-01-15T00:00:00Z,0.0,11.760000228881836,104.239990234375,NaN
2018-01-15T00:00:00Z,0.0,11.760000228881836,104.719970703125,NaN
2018-01-15T00:00:00Z,0.0,11.760000228881836,105.199951171875,NaN
2018-01-15T00:00:00Z,0.0,11.760000228881836,105.6800537109375,NaN
2018-01-15T00:00:00Z,0.0,12.239999771118164,97.0400390625,33.225
2018-01-15T00:00:00Z,0.0,12.239999771118164,97.52001953125,32.654
2018-01-15T00:00:00Z,0.0,12.239999771118164,98.0,NaN
2018-01-15T00:00:00Z,0.0,12.239999771118164,98.47998046875,NaN
2018-01-15T00:00:00Z,0.0,12.239999771118164,98.9599609375,NaN
2018-01-15T00:00:00Z,0.0,12.239999771118164,99.43994140625,NaN
2018-01-15T00:00:00Z,0.0,12.239999771118164,99.9200439453125,NaN
2018-01-15T00:00:00Z,0.0,12.239999771118164,100.4000244140625,31.731
2018-01-15T00:00:00Z,0.0,12.239999771118164,100.8800048828125,31.692
2018-01-15T00:00:00Z,0.0,12.239999771118164,101.3599853515625,31.641
2018-01-15T00:00:00Z,0.0,12.239999771118164,101.8399658203125,31.668
2018-01-15T00:00:00Z,0.0,12.239999771118164,102.3199462890625,NaN
2018-01-15T00:00:00Z,0.0,12.239999771118164,102.800048828125,NaN
2018-01-15T00:00:00Z,0.0,12.239999771118164,103.280029296875,NaN
2018-01-15T00:00:00Z,0.0,12.239999771118164,103.760009765625,NaN
2018-01-15T00:00:00Z,0.0,12.239999771118164,104.239990234375,NaN
2018-01-15T00:00:00Z,0.0,12.239999771118164,104.719970703125,NaN
2018-01-15T00:00:00Z,0.0,12.239999771118164,105.199951171875,NaN
2018-01-15T00:00:00Z,0.0,12.239999771118164,105.6800537109375,NaN
2018-01-15T00:00:00Z,0.0,12.720000267028809,97.0400390625,32.837
2018-01-15T00:00:00Z,0.0,12.720000267028809,97.52001953125,32.785
2018-01-15T00:00:00Z,0.0,12.720000267028809,98.0,31.913
2018-01-15T00:00:00Z,0.0,12.720000267028809,98.47998046875,31.727
2018-01-15T00:00:00Z,0.0,12.720000267028809,98.9599609375,NaN
2018-01-15T00:00:00Z,0.0,12.720000267028809,99.43994140625,NaN
2018-01-15T00:00:00Z,0.0,12.720000267028809,99.9200439453125,NaN
2018-01-15T00:00:00Z,0.0,12.720000267028809,100.4000244140625,31.767
2018-01-15T00:00:00Z,0.0,12.720000267028809,100.8800048828125,NaN
2018-01-15T00:00:00Z,0.0,12.720000267028809,101.3599853515625,NaN
2018-01-15T00:00:00Z,0.0,12.720000267028809,101.8399658203125,NaN
2018-01-15T00:00:00Z,0.0,12.720000267028809,102.3199462890625,NaN
2018-01-15T00:00:00Z,0.0,12.720000267028809,102.800048828125,NaN
2018-01-15T00:00:00Z,0.0,12.720000267028809,103.280029296875,NaN
2018-01-15T00:00:00Z,0.0,12.720000267028809,103.760009765625,NaN
2018-01-15T00:00:00Z,0.0,12.720000267028809,104.239990234375,NaN
2018-01-15T00:00:00Z,0.0,12.720000267028809,104.719970703125,NaN
2018-01-15T00:00:00Z,0.0,12.720000267028809,105.199951171875,NaN
2018-01-15T00:00:00Z,0.0,12.720000267028809,105.6800537109375,NaN
2018-01-15T00:00:00Z,0.0,13.199999809265137,97.0400390625,33.013
2018-01-15T00:00:00Z,0.0,13.199999809265137,97.52001953125,32.942
2018-01-15T00:00:00Z,0.0,13.199999809265137,98.0,32.13
2018-01-15T00:00:00Z,0.0,13.199999809265137,98.47998046875,31.567
2018-01-15T00:00:00Z,0.0,13.199999809265137,98.9599609375,NaN
2018-01-15T00:00:00Z,0.0,13.199999809265137,99.43994140625,NaN
2018-01-15T00:00:00Z,0.0,13.199999809265137,99.9200439453125,NaN
2018-01-15T00:00:00Z,0.0,13.199999809265137,100.4000244140625,30.411
2018-01-15T00:00:00Z,0.0,13.199999809265137,100.8800048828125,NaN
2018-01-15T00:00:00Z,0.0,13.199999809265137,101.3599853515625,NaN
2018-01-15T00:00:00Z,0.0,13.199999809265137,101.8399658203125,NaN
2018-01-15T00:00:00Z,0.0,13.199999809265137,102.3199462890625,NaN
2018-01-15T00:00:00Z,0.0,13.199999809265137,102.800048828125,NaN
2018-01-15T00:00:00Z,0.0,13.199999809265137,103.280029296875,NaN
2018-01-15T00:00:00Z,0.0,13.199999809265137,103.760009765625,NaN
2018-01-15T00:00:00Z,0.0,13.199999809265137,104.239990234375,NaN
2018-01-15T00:00:00Z,0.0,13.199999809265137,104.719970703125,NaN
2018-01-15T00:00:00Z,0.0,13.199999809265137,105.199951171875,NaN
2018-01-15T00:00:00Z,0.0,13.199999809265137,105.6800537109375,NaN
2018-01-15T00:00:00Z,0.0,13.680000305175781,97.0400390625,32.911
2018-01-15T00:00:00Z,0.0,13.680000305175781,97.52001953125,32.531
2018-01-15T00:00:00Z,0.0,13.680000305175781,98.0,31.48
2018-01-15T00:00:00Z,0.0,13.680000305175781,98.47998046875,NaN
2018-01-15T00:00:00Z,0.0,13.680000305175781,98.9599609375,NaN
2018-01-15T00:00:00Z,0.0,13.680000305175781,99.43994140625,NaN
2018-01-15T00:00:00Z,0.0,13.680000305175781,99.9200439453125,NaN
2018-01-15T00:00:00Z,0.0,13.680000305175781,100.4000244140625,NaN
2018-01-15T00:00:00Z,0.0,13.680000305175781,100.8800048828125,NaN
2018-01-15T00:00:00Z,0.0,13.680000305175781,101.3599853515625,NaN
2018-01-15T00:00:00Z,0.0,13.680000305175781,101.8399658203125,NaN
2018-01-15T00:00:00Z,0.0,13.680000305175781,102.3199462890625,NaN
2018-01-15T00:00:00Z,0.0,13.680000305175781,102.800048828125,NaN
2018-01-15T00:00:00Z,0.0,13.680000305175781,103.280029296875,NaN
2018-01-15T00:00:00Z,0.0,13.680000305175781,103.760009765625,NaN
2018-01-15T00:00:00Z,0.0,13.680000305175781,104.239990234375,NaN
2018-01-15T00:00:00Z,0.0,13.680000305175781,104.719970703125,NaN
2018-01-15T00:00:00Z,0.0,13.680000305175781,105.199951171875,NaN
2018-01-15T00:00:00Z,0.0,13.680000305175781,105.6800537109375,NaN
