time,latitude,longitude,analysed_sst
UTC,degrees_north,degrees_east,degree_C
2026-07-15T09:00:00Z,5.0,97.0,NaN
2026-07-15T09:00:00Z,5.0,97.5,NaN
2026-07-15T09:00:00Z,5.0,98.0,30.549
2026-07-15T09:00:00Z,5.0,98.5,30.553
2026-07-15T09:00:00Z,5.0,99.0,30.679000000000002
2026-07-15T09:00:00Z,5.0,99.5,30.453
2026-07-15T09:00:00Z,5.0,100.0,30.686
2026-07-15T09:00:00Z,5.0,100.5,NaN
2026-07-15T09:00:00Z,5.0,101.0,NaN
2026-07-15T09:00:00Z,5.0,101.5,NaN
2026-07-15T09:00:00Z,5.0,102.0,NaN
2026-07-15T09:00:00Z,5.0,102.5,NaN
2026-07-15T09:00:00Z,5.0,103.0,NaN
2026-07-15T09:00:00Z,5.0,103.5,29.309
2026-07-15T09:00:00Z,5.0,104.0,29.648
2026-07-15T09:00:00Z,5.0,104.5,30.303
2026-07-15T09:00:00Z,5.0,105.0,30.1
2026-07-15T09:00:00Z,5.0,105.5,30.057000000000002
2026-07-15T09:00:00Z,5.0,106.0,30.17
2026-07-15T09:00:00Z,5.5,97.0,29.866
2026-07-15T09:00:00Z,5.5,97.5,30.106
2026-07-15T09:00:00Z,5.5,98.0,30.457
2026-07-15T09:00:00Z,5.5,98.5,30.92
2026-07-15T09:00:00Z,5.5,99.0,30.555
2026-07-15T09:00:00Z,5.5,99.5,30.328
2026-07-15T09:00:00Z,5.5,100.0,30.569
2026-07-15T09:00:00Z,5.5,100.5,NaN
2026-07-15T09:00:00Z,5.5,101.0,NaN
2026-07-15T09:00:00Z,5.5,101.5,NaN
2026-07-15T09:00:00Z,5.5,102.0,NaN
2026-07-15T09:00:00Z,5.5,102.5,NaN
2026-07-15T09:00:00Z,5.5,103.0,NaN
2026-07-15T09:00:00Z,5.5,103.5,29.328
2026-07-15T09:00:00Z,5.5,104.0,30.399
2026-07-15T09:00:00Z,5.5,104.5,30.022
2026-07-15T09:00:00Z,5.5,105.0,29.857
2026-07-15T09:00:00Z,5.5,105.5,30.544
2026-07-15T09:00:00Z,5.5,106.0,30.347
2026-07-15T09:00:00Z,6.0,97.0,29.877
2026-07-15T09:00:00Z,6.0,97.5,29.854
2026-07-15T09:00:00Z,6.0,98.0,29.637
2026-07-15T09:00:00Z,6.0,98.5,30.376
2026-07-15T09:00:00Z,6.0,99.0,31.13
2026-07-15T09:00:00Z,6.0,99.5,30.744
2026-07-15T09:00:00Z,6.0,100.0,30.308
2026-07-15T09:00:00Z,6.0,100.5,NaN
2026-07-15T09:00:00Z,6.0,101.0,NaN
2026-07-15T09:00:00Z,6.0,101.5,NaN
2026-07-15T09:00:00Z,6.0,102.0,NaN
2026-07-15T09:00:00Z,6.0,102.5,30.543
2026-07-15T09:00:00Z,6.0,103.0,30.282
2026-07-15T09:00:00Z,6.0,103.5,29.487000000000002
2026-07-15T09:00:00Z,6.0,104.0,29.406
2026-07-15T09:00:00Z,6.0,104.5,30.072
2026-07-15T09:00:00Z,6.0,105.0,30.334
2026-07-15T09:00:00Z,6.0,105.5,30.141
2026-07-15T09:00:00Z,6.0,106.0,30.476
2026-07-15T09:00:00Z,6.5,97.0,29.623
2026-07-15T09:00:00Z,6.5,97.5,29.570999999999998
2026-07-15T09:00:00Z,6.5,98.0,29.953
2026-07-15T09:00:00Z,6.5,98.5,30.063
2026-07-15T09:00:00Z,6.5,99.0,30.823
2026-07-15T09:00:00Z,6.5,99.5,30.579
2026-07-15T09:00:00Z,6.5,100.0,30.305
2026-07-15T09:00:00Z,6.5,100.5,NaN
2026-07-15T09:00:00Z,6.5,101.0,NaN
2026-07-15T09:00:00Z,6.5,101.5,NaN
2026-07-15T09:00:00Z,6.5,102.0,30.517
2026-07-15T09:00:00Z,6.5,102.5,31.032
2026-07-15T09:00:00Z,6.5,103.0,30.883
2026-07-15T09:00:00Z,6.5,103.5,29.592
2026-07-15T09:00:00Z,6.5,104.0,29.167
2026-07-15T09:00:00Z,6.5,104.5,29.656
2026-07-15T09:00:00Z,6.5,105.0,29.913
2026-07-15T09:00:00Z,6.5,105.5,29.931
2026-07-15T09:00:00Z,6.5,106.0,30.068
2026-07-15T09:00:00Z,7.0,97.0,30.3
2026-07-15T09:00:00Z,7.0,97.5,30.186
2026-07-15T09:00:00Z,7.0,98.0,29.538
2026-07-15T09:00:00Z,7.0,98.5,29.943
2026-07-15T09:00:00Z,7.0,99.0,30.381999999999998
2026-07-15T09:00:00Z,7.0,99.5,30.14
2026-07-15T09:00:00Z,7.0,100.0,NaN
2026-07-15T09:00:00Z,7.0,100.5,NaN
2026-07-15T09:00:00Z,7.0,101.0,30.0
2026-07-15T09:00:00Z,7.0,101.5,30.051000000000002
2026-07-15T09:00:00Z,7.0,102.0,30.416
2026-07-15T09:00:00Z,7.0,102.5,30.728
2026-07-15T09:00:00Z,7.0,103.0,30.198
2026-07-15T09:00:00Z,7.0,103.5,29.841
2026-07-15T09:00:00Z,7.0,104.0,29.098
2026-07-15T09:00:00Z,7.0,104.5,29.451
2026-07-15T09:00:00Z,7.0,105.0,29.786
2026-07-15T09:00:00Z,7.0,105.5,29.664
2026-07-15T09:00:00Z,7.0,106.0,30.027
2026-07-15T09:00:00Z,7.5,97.0,30.028
2026-07-15T09:00:00Z,7.5,97.5,30.239
2026-07-15T09:00:00Z,7.5,98.0,29.787
2026-07-15T09:00:00Z,7.5,98.5,29.698999999999998
2026-07-15T09:00:00Z,7.5,99.0,30.001
2026-07-15T09:00:00Z,7.5,99.5,NaN
2026-07-15T09:00:00Z,7.5,100.0,NaN
2026-07-15T09:00:00Z,7.5,100.5,30.018
2026-07-15T09:00:00Z,7.5,101.0,30.127
2026-07-15T09:00:00Z,7.5,101.5,30.29
2026-07-15T09:00:00Z,7.5,102.0,30.303
2026-07-15T09:00:00Z,7.5,102.5,30.389
2026-07-15T09:00:00Z,7.5,103.0,30.462
2026-07-15T09:00:00Z,7.5,103.5,29.637999999999998
2026-07-15T09:00:00Z,7.5,104.0,28.894
2026-07-15T09:00:00Z,7.5,104.5,29.225
2026-07-15T09:00:00Z,7.5,105.0,29.286
2026-07-15T09:00:00Z,7.5,105.5,29.575
2026-07-15T09:00:00Z,7.5,106.0,29.681
2026-07-15T09:00:00Z,8.0,97.0,29.504
2026-07-15T09:00:00Z,8.0,97.5,29.756
2026-07-15T09:00:00Z,8.0,98.0,29.969
2026-07-15T09:00:00Z,8.0,98.5,29.672
2026-07-15T09:00:00Z,8.0,99.0,NaN
2026-07-15T09:00:00Z,8.0,99.5,NaN
2026-07-15T09:00:00Z,8.0,100.0,NaN
2026-07-15T09:00:00Z,8.0,100.5,30.101
2026-07-15T09:00:00Z,8.0,101.0,30.6
2026-07-15T09:00:00Z,8.0,101.5,30.593
2026-07-15T09:00:00Z,8.0,102.0,30.704
2026-07-15T09:00:00Z,8.0,102.5,30.352
2026-07-15T09:00:00Z,8.0,103.0,30.299
2026-07-15T09:00:00Z,8.0,103.5,29.405
2026-07-15T09:00:00Z,8.0,104.0,29.570999999999998
2026-07-15T09:00:00Z,8.0,104.5,29.273
2026-07-15T09:00:00Z,8.0,105.0,29.208
2026-07-15T09:00:00Z,8.0,105.5,29.789
2026-07-15T09:00:00Z,8.0,106.0,29.703
2026-07-15T09:00:00Z,8.5,97.0,28.683
2026-07-15T09:00:00Z,8.5,97.5,29.143
2026-07-15T09:00:00Z,8.5,98.0,29.521
2026-07-15T09:00:00Z,8.5,98.5,NaN
2026-07-15T09:00:00Z,8.5,99.0,NaN
2026-07-15T09:00:00Z,8.5,99.5,NaN
2026-07-15T09:00:00Z,8.5,100.0,NaN
2026-07-15T09:00:00Z,8.5,100.5,30.177
2026-07-15T09:00:00Z,8.5,101.0,30.328
2026-07-15T09:00:00Z,8.5,101.5,30.275
2026-07-15T09:00:00Z,8.5,102.0,30.364
2026-07-15T09:00:00Z,8.5,102.5,30.105
2026-07-15T09:00:00Z,8.5,103.0,29.755
2026-07-15T09:00:00Z,8.5,103.5,29.149
2026-07-15T09:00:00Z,8.5,104.0,29.478
2026-07-15T09:00:00Z,8.5,104.5,29.156
2026-07-15T09:00:00Z,8.5,105.0,28.977
2026-07-15T09:00:00Z,8.5,105.5,28.957
2026-07-15T09:00:00Z,8.5,106.0,29.758
2026-07-15T09:00:00Z,9.0,97.0,29.685000000000002
2026-07-15T09:00:00Z,9.0,97.5,29.148
2026-07-15T09:00:00Z,9.0,98.0,29.82
2026-07-15T09:00:00Z,9.0,98.5,NaN
2026-07-15T09:00:00Z,9.0,99.0,NaN
2026-07-15T09:00:00Z,9.0,99.5,NaN
2026-07-15T09:00:00Z,9.0,100.0,29.974
2026-07-15T09:00:00Z,9.0,100.5,30.195999999999998
2026-07-15T09:00:00Z,9.0,101.0,30.348
2026-07-15T09:00:00Z,9.0,101.5,30.133
2026-07-15T09:00:00Z,9.0,102.0,29.909
2026-07-15T09:00:00Z,9.0,102.5,29.839
2026-07-15T09:00:00Z,9.0,103.0,29.91
2026-07-15T09:00:00Z,9.0,103.5,29.367
2026-07-15T09:00:00Z,9.0,104.0,29.579
2026-07-15T09:00:00Z,9.0,104.5,29.2
2026-07-15T09:00:00Z,9.0,105.0,NaN
2026-07-15T09:00:00Z,9.0,105.5,28.961
2026-07-15T09:00:00Z,9.0,106.0,28.905
2026-07-15T09:00:00Z,9.5,97.0,29.804000000000002
2026-07-15T09:00:00Z,9.5,97.5,29.87
2026-07-15T09:00:00Z,9.5,98.0,30.13
2026-07-15T09:00:00Z,9.5,98.5,NaN
2026-07-15T09:00:00Z,9.5,99.0,NaN
2026-07-15T09:00:00Z,9.5,99.5,30.383
2026-07-15T09:00:00Z,9.5,100.0,30.295
2026-07-15T09:00:00Z,9.5,100.5,30.355
2026-07-15T09:00:00Z,9.5,101.0,30.188
2026-07-15T09:00:00Z,9.5,101.5,29.997
2026-07-15T09:00:00Z,9.5,102.0,29.774
2026-07-15T09:00:00Z,9.5,102.5,29.911
2026-07-15T09:00:00Z,9.5,103.0,30.171
2026-07-15T09:00:00Z,9.5,103.5,29.797
2026-07-15T09:00:00Z,9.5,104.0,29.712
2026-07-15T09:00:00Z,9.5,104.5,29.377
2026-07-15T09:00:00Z,9.5,105.0,NaN
2026-07-15T09:00:00Z,9.5,105.5,NaN
2026-07-15T09:00:00Z,9.5,106.0,NaN
2026-07-15T09:00:00Z,10.0,97.0,30.09
2026-07-15T09:00:00Z,10.0,97.5,30.002
2026-07-15T09:00:00Z,10.0,98.0,30.118000000000002
2026-07-15T09:00:00Z,10.0,98.5,30.308
2026-07-15T09:00:00Z,10.0,99.0,NaN
2026-07-15T09:00:00Z,10.0,99.5,30.756
2026-07-15T09:00:00Z,10.0,100.0,30.603
2026-07-15T09:00:00Z,10.0,100.5,30.256999999999998
2026-07-15T09:00:00Z,10.0,101.0,30.268
2026-07-15T09:00:00Z,10.0,101.5,29.928
2026-07-15T09:00:00Z,10.0,102.0,29.676000000000002
2026-07-15T09:00:00Z,10.0,102.5,29.810000000000002
2026-07-15T09:00:00Z,10.0,103.0,29.826
2026-07-15T09:00:00Z,10.0,103.5,29.725
2026-07-15T09:00:00Z,10.0,104.0,29.594
2026-07-15T09:00:00Z,10.0,104.5,29.393
2026-07-15T09:00:00Z,10.0,105.0,29.175
2026-07-15T09:00:00Z,10.0,105.5,NaN
2026-07-15T09:00:00Z,10.0,106.0,NaN
2026-07-15T09:00:00Z,10.5,97.0,29.342
2026-07-15T09:00:00Z,10.5,97.5,29.762999999999998
2026-07-15T09:00:00Z,10.5,98.0,30.022
2026-07-15T09:00:00Z,10.5,98.5,NaN
2026-07-15T09:00:00Z,10.5,99.0,NaN
2026-07-15T09:00:00Z,10.5,99.5,31.09
2026-07-15T09:00:00Z,10.5,100.0,30.651
2026-07-15T09:00:00Z,10.5,100.5,30.478
2026-07-15T09:00:00Z,10.5,101.0,30.186
2026-07-15T09:00:00Z,10.5,101.5,29.967
2026-07-15T09:00:00Z,10.5,102.0,29.722
2026-07-15T09:00:00Z,10.5,102.5,29.511
2026-07-15T09:00:00Z,10.5,103.0,29.586
2026-07-15T09:00:00Z,10.5,103.5,29.545
2026-07-15T09:00:00Z,10.5,104.0,29.46
2026-07-15T09:00:00Z,10.5,104.5,NaN
2026-07-15T09:00:00Z,10.5,105.0,NaN
2026-07-15T09:00:00Z,10.5,105.5,28.986
2026-07-15T09:00:00Z,10.5,106.0,NaN
2026-07-15T09:00:00Z,11.0,97.0,30.299
2026-07-15T09:00:00Z,11.0,97.5,30.487000000000002
2026-07-15T09:00:00Z,11.0,98.0,30.028
2026-07-15T09:00:00Z,11.0,98.5,30.124
2026-07-15T09:00:00Z,11.0,99.0,NaN
2026-07-15T09:00:00Z,11.0,99.5,NaN
2026-07-15T09:00:00Z,11.0,100.0,30.615000000000002
2026-07-15T09:00:00Z,11.0,100.5,30.35
2026-07-15T09:00:00Z,11.0,101.0,29.891
2026-07-15T09:00:00Z,11.0,101.5,30.148
2026-07-15T09:00:00Z,11.0,102.0,29.904
2026-07-15T09:00:00Z,11.0,102.5,29.604
2026-07-15T09:00:00Z,11.0,103.0,29.384
2026-07-15T09:00:00Z,11.0,103.5,29.426000000000002
2026-07-15T09:00:00Z,11.0,104.0,NaN
2026-07-15T09:00:00Z,11.0,104.5,NaN
2026-07-15T09:00:00Z,11.0,105.0,NaN
2026-07-15T09:00:00Z,11.0,105.5,NaN
2026-07-15T09:00:00Z,11.0,106.0,NaN
2026-07-15T09:00:00Z,11.5,97.0,29.511
2026-07-15T09:00:00Z,11.5,97.5,30.061
2026-07-15T09:00:00Z,11.5,98.0,29.614
2026-07-15T09:00:00Z,11.5,98.5,29.551000000000002
2026-07-15T09:00:00Z,11.5,99.0,NaN
2026-07-15T09:00:00Z,11.5,99.5,NaN
2026-07-15T09:00:00Z,11.5,100.0,30.35
2026-07-15T09:00:00Z,11.5,100.5,30.240000000000002
2026-07-15T09:00:00Z,11.5,101.0,29.867
2026-07-15T09:00:00Z,11.5,101.5,30.023
2026-07-15T09:00:00Z,11.5,102.0,29.9
2026-07-15T09:00:00Z,11.5,102.5,29.665
2026-07-15T09:00:00Z,11.5,103.0,29.441
2026-07-15T09:00:00Z,11.5,103.5,NaN
2026-07-15T09:00:00Z,11.5,104.0,NaN
2026-07-15T09:00:00Z,11.5,104.5,NaN
2026-07-15T09:00:00Z,11.5,105.0,29.13
2026-07-15T09:00:00Z,11.5,105.5,NaN
2026-07-15T09:00:00Z,11.5,106.0,NaN
2026-07-15T09:00:00Z,12.0,97.0,30.262
2026-07-15T09:00:00Z,12.0,97.5,29.578
2026-07-15T09:00:00Z,12.0,98.0,29.555
2026-07-15T09:00:00Z,12.0,98.5,29.003
2026-07-15T09:00:00Z,12.0,99.0,NaN
2026-07-15T09:00:00Z,12.0,99.5,NaN
2026-07-15T09:00:00Z,12.0,100.0,30.387
2026-07-15T09:00:00Z,12.0,100.5,30.105
2026-07-15T09:00:00Z,12.0,101.0,30.54
2026-07-15T09:00:00Z,12.0,101.5,30.429000000000002
2026-07-15T09:00:00Z,12.0,102.0,30.069
2026-07-15T09:00:00Z,12.0,102.5,29.807000000000002
2026-07-15T09:00:00Z,12.0,103.0,NaN
2026-07-15T09:00:00Z,12.0,103.5,NaN
2026-07-15T09:00:00Z,12.0,104.0,NaN
2026-07-15T09:00:00Z,12.0,104.5,NaN
2026-07-15T09:00:00Z,12.0,105.0,NaN
2026-07-15T09:00:00Z,12.0,105.5,NaN
2026-07-15T09:00:00Z,12.0,106.0,NaN
2026-07-15T09:00:00Z,12.5,97.0,30.046
2026-07-15T09:00:00Z,12.5,97.5,30.092
2026-07-15T09:00:00Z,12.5,98.0,29.476
2026-07-15T09:00:00Z,12.5,98.5,29.308
2026-07-15T09:00:00Z,12.5,99.0,NaN
2026-07-15T09:00:00Z,12.5,99.5,NaN
2026-07-15T09:00:00Z,12.5,100.0,30.106
2026-07-15T09:00:00Z,12.5,100.5,30.162
2026-07-15T09:00:00Z,12.5,101.0,30.219
2026-07-15T09:00:00Z,12.5,101.5,30.281
2026-07-15T09:00:00Z,12.5,102.0,30.171
2026-07-15T09:00:00Z,12.5,102.5,NaN
2026-07-15T09:00:00Z,12.5,103.0,NaN
2026-07-15T09:00:00Z,12.5,103.5,NaN
2026-07-15T09:00:00Z,12.5,104.0,NaN
2026-07-15T09:00:00Z,12.5,104.5,NaN
2026-07-15T09:00:00Z,12.5,105.0,NaN
2026-07-15T09:00:00Z,12.5,105.5,NaN
2026-07-15T09:00:00Z,12.5,106.0,28.941
2026-07-15T09:00:00Z,13.0,97.0,29.615000000000002
2026-07-15T09:00:00Z,13.0,97.5,29.494
2026-07-15T09:00:00Z,13.0,98.0,29.375
2026-07-15T09:00:00Z,13.0,98.5,29.417
2026-07-15T09:00:00Z,13.0,99.0,NaN
2026-07-15T09:00:00Z,13.0,99.5,NaN
2026-07-15T09:00:00Z,13.0,100.0,NaN
2026-07-15T09:00:00Z,13.0,100.5,30.262
2026-07-15T09:00:00Z,13.0,101.0,NaN
2026-07-15T09:00:00Z,13.0,101.5,NaN
2026-07-15T09:00:00Z,13.0,102.0,NaN
2026-07-15T09:00:00Z,13.0,102.5,NaN
2026-07-15T09:00:00Z,13.0,103.0,NaN
2026-07-15T09:00:00Z,13.0,103.5,NaN
2026-07-15T09:00:00Z,13.0,104.0,29.434
2026-07-15T09:00:00Z,13.0,104.5,NaN
2026-07-15T09:00:00Z,13.0,105.0,NaN
2026-07-15T09:00:00Z,13.0,105.5,NaN
2026-07-15T09:00:00Z,13.0,106.0,29.027
2026-07-15T09:00:00Z,13.5,97.0,29.505
2026-07-15T09:00:00Z,13.5,97.5,29.338
2026-07-15T09:00:00Z,13.5,98.0,29.051000000000002
2026-07-15T09:00:00Z,13.5,98.5,NaN
2026-07-15T09:00:00Z,13.5,99.0,NaN
2026-07-15T09:00:00Z,13.5,99.5,NaN
2026-07-15T09:00:00Z,13.5,100.0,NaN
2026-07-15T09:00:00Z,13.5,100.5,NaN
2026-07-15T09:00:00Z,13.5,101.0,NaN
2026-07-15T09:00:00Z,13.5,101.5,NaN
2026-07-15T09:00:00Z,13.5,102.0,NaN
2026-07-15T09:00:00Z,13.5,102.5,NaN
2026-07-15T09:00:00Z,13.5,103.0,NaN
2026-07-15T09:00:00Z,13.5,103.5,NaN
2026-07-15T09:00:00Z,13.5,104.0,NaN
2026-07-15T09:00:00Z,13.5,104.5,NaN
2026-07-15T09:00:00Z,13.5,105.0,NaN
2026-07-15T09:00:00Z,13.5,105.5,NaN
2026-07-15T09:00:00Z,13.5,106.0,NaN
2026-07-15T09:00:00Z,14.0,97.0,29.644
2026-07-15T09:00:00Z,14.0,97.5,29.468
2026-07-15T09:00:00Z,14.0,98.0,29.479
2026-07-15T09:00:00Z,14.0,98.5,NaN
2026-07-15T09:00:00Z,14.0,99.0,NaN
2026-07-15T09:00:00Z,14.0,99.5,NaN
2026-07-15T09:00:00Z,14.0,100.0,NaN
2026-07-15T09:00:00Z,14.0,100.5,NaN
2026-07-15T09:00:00Z,14.0,101.0,NaN
2026-07-15T09:00:00Z,14.0,101.5,NaN
2026-07-15T09:00:00Z,14.0,102.0,NaN
2026-07-15T09:00:00Z,14.0,102.5,NaN
2026-07-15T09:00:00Z,14.0,103.0,NaN
2026-07-15T09:00:00Z,14.0,103.5,NaN
2026-07-15T09:00:00Z,14.0,104.0,NaN
2026-07-15T09:00:00Z,14.0,104.5,NaN
2026-07-15T09:00:00Z,14.0,105.0,NaN
2026-07-15T09:00:00Z,14.0,105.5,NaN
2026-07-15T09:00:00Z,14.0,106.0,NaN
