time,latitude,longitude,analysed_sst
UTC,degrees_north,degrees_east,degree_C
2025-12-26T09:00:00Z,9.5,98.0,28.866
2025-12-27T09:00:00Z,9.5,98.0,28.847
2025-12-28T09:00:00Z,9.5,98.0,28.65
2025-12-29T09:00:00Z,9.5,98.0,28.598
2025-12-30T09:00:00Z,9.5,98.0,28.646
2025-12-31T09:00:00Z,9.5,98.0,29.326999999999998
2026-01-01T09:00:00Z,9.5,98.0,29.744
2026-01-02T09:00:00Z,9.5,98.0,29.476
2026-01-03T09:00:00Z,9.5,98.0,29.009999999999998
2026-01-04T09:00:00Z,9.5,98.0,28.991
2026-01-05T09:00:00Z,9.5,98.0,29.099
2026-01-06T09:00:00Z,9.5,98.0,29.009999999999998
2026-01-07T09:00:00Z,9.5,98.0,28.256
2026-01-08T09:00:00Z,9.5,98.0,28.48
2026-01-09T09:00:00Z,9.5,98.0,28.396
2026-01-10T09:00:00Z,9.5,98.0,28.348
2026-01-11T09:00:00Z,9.5,98.0,28.443
2026-01-12T09:00:00Z,9.5,98.0,28.781
2026-01-13T09:00:00Z,9.5,98.0,28.692
2026-01-14T09:00:00Z,9.5,98.0,28.78
2026-01-15T09:00:00Z,9.5,98.0,28.512
2026-01-16T09:00:00Z,9.5,98.0,28.617
2026-01-17T09:00:00Z,9.5,98.0,28.602
2026-01-18T09:00:00Z,9.5,98.0,28.528
2026-01-19T09:00:00Z,9.5,98.0,28.508
2026-01-20T09:00:00Z,9.5,98.0,28.339
2026-01-21T09:00:00Z,9.5,98.0,28.265
2026-01-22T09:00:00Z,9.5,98.0,28.569
2026-01-23T09:00:00Z,9.5,98.0,28.662
2026-01-24T09:00:00Z,9.5,98.0,28.168
2026-01-25T09:00:00Z,9.5,98.0,27.990000000000002
2026-01-26T09:00:00Z,9.5,98.0,29.016
2026-01-27T09:00:00Z,9.5,98.0,29.11
2026-01-28T09:00:00Z,9.5,98.0,29.039
2026-01-29T09:00:00Z,9.5,98.0,28.857
2026-01-30T09:00:00Z,9.5,98.0,29.032
2026-01-31T09:00:00Z,9.5,98.0,29.076999999999998
2026-02-01T09:00:00Z,9.5,98.0,28.381
2026-02-02T09:00:00Z,9.5,98.0,28.524
2026-02-03T09:00:00Z,9.5,98.0,28.793
2026-02-04T09:00:00Z,9.5,98.0,28.908
2026-02-05T09:00:00Z,9.5,98.0,29.019
2026-02-06T09:00:00Z,9.5,98.0,29.466
2026-02-07T09:00:00Z,9.5,98.0,29.108
2026-02-08T09:00:00Z,9.5,98.0,28.863
2026-02-09T09:00:00Z,9.5,98.0,29.406
2026-02-10T09:00:00Z,9.5,98.0,29.435000000000002
2026-02-11T09:00:00Z,9.5,98.0,29.517
2026-02-12T09:00:00Z,9.5,98.0,29.367
2026-02-13T09:00:00Z,9.5,98.0,29.045
2026-02-14T09:00:00Z,9.5,98.0,28.753
2026-02-15T09:00:00Z,9.5,98.0,28.862000000000002
2026-02-16T09:00:00Z,9.5,98.0,29.594
2026-02-17T09:00:00Z,9.5,98.0,29.618000000000002
2026-02-18T09:00:00Z,9.5,98.0,29.636
2026-02-19T09:00:00Z,9.5,98.0,29.521
2026-02-20T09:00:00Z,9.5,98.0,29.427
2026-02-21T09:00:00Z,9.5,98.0,29.397
2026-02-22T09:00:00Z,9.5,98.0,29.2
2026-02-23T09:00:00Z,9.5,98.0,29.123
2026-02-24T09:00:00Z,9.5,98.0,29.737000000000002
2026-02-25T09:00:00Z,9.5,98.0,29.746000000000002
2026-02-26T09:00:00Z,9.5,98.0,29.859
2026-02-27T09:00:00Z,9.5,98.0,29.889
2026-02-28T09:00:00Z,9.5,98.0,30.093
2026-03-01T09:00:00Z,9.5,98.0,30.073999999999998
2026-03-02T09:00:00Z,9.5,98.0,30.019
2026-03-03T09:00:00Z,9.5,98.0,30.117
2026-03-04T09:00:00Z,9.5,98.0,29.784
2026-03-05T09:00:00Z,9.5,98.0,29.810000000000002
2026-03-06T09:00:00Z,9.5,98.0,29.887999999999998
2026-03-07T09:00:00Z,9.5,98.0,30.063
2026-03-08T09:00:00Z,9.5,98.0,30.208
2026-03-09T09:00:00Z,9.5,98.0,30.167
2026-03-10T09:00:00Z,9.5,98.0,29.274
2026-03-11T09:00:00Z,9.5,98.0,29.253
2026-03-12T09:00:00Z,9.5,98.0,29.755
2026-03-13T09:00:00Z,9.5,98.0,30.009
2026-03-14T09:00:00Z,9.5,98.0,29.832
2026-03-15T09:00:00Z,9.5,98.0,29.332
2026-03-16T09:00:00Z,9.5,98.0,29.374
2026-03-17T09:00:00Z,9.5,98.0,29.66
2026-03-18T09:00:00Z,9.5,98.0,30.029
2026-03-19T09:00:00Z,9.5,98.0,30.137
2026-03-20T09:00:00Z,9.5,98.0,30.332
2026-03-21T09:00:00Z,9.5,98.0,30.11
2026-03-22T09:00:00Z,9.5,98.0,29.758
2026-03-23T09:00:00Z,9.5,98.0,29.983
2026-03-24T09:00:00Z,9.5,98.0,30.143
2026-03-25T09:00:00Z,9.5,98.0,30.323999999999998
2026-03-26T09:00:00Z,9.5,98.0,30.326
2026-03-27T09:00:00Z,9.5,98.0,30.405
2026-03-28T09:00:00Z,9.5,98.0,30.018
2026-03-29T09:00:00Z,9.5,98.0,29.796
2026-03-30T09:00:00Z,9.5,98.0,29.798000000000002
2026-03-31T09:00:00Z,9.5,98.0,29.924
2026-04-01T09:00:00Z,9.5,98.0,30.557000000000002
2026-04-02T09:00:00Z,9.5,98.0,30.729
2026-04-03T09:00:00Z,9.5,98.0,30.671
2026-04-04T09:00:00Z,9.5,98.0,30.509
2026-04-05T09:00:00Z,9.5,98.0,30.531
2026-04-06T09:00:00Z,9.5,98.0,30.466
2026-04-07T09:00:00Z,9.5,98.0,30.237000000000002
2026-04-08T09:00:00Z,9.5,98.0,30.060000000000002
2026-04-09T09:00:00Z,9.5,98.0,30.195999999999998
2026-04-10T09:00:00Z,9.5,98.0,30.509
2026-04-11T09:00:00Z,9.5,98.0,30.517
2026-04-12T09:00:00Z,9.5,98.0,30.502
2026-04-13T09:00:00Z,9.5,98.0,30.281
2026-04-14T09:00:00Z,9.5,98.0,30.293
2026-04-15T09:00:00Z,9.5,98.0,30.164
2026-04-16T09:00:00Z,9.5,98.0,30.541
2026-04-17T09:00:00Z,9.5,98.0,30.712
2026-04-18T09:00:00Z,9.5,98.0,30.473
2026-04-19T09:00:00Z,9.5,98.0,30.487000000000002
2026-04-20T09:00:00Z,9.5,98.0,30.462
2026-04-21T09:00:00Z,9.5,98.0,30.483
2026-04-22T09:00:00Z,9.5,98.0,30.634
2026-04-23T09:00:00Z,9.5,98.0,30.731
2026-04-24T09:00:00Z,9.5,98.0,30.925
2026-04-25T09:00:00Z,9.5,98.0,31.057000000000002
2026-04-26T09:00:00Z,9.5,98.0,30.841
2026-04-27T09:00:00Z,9.5,98.0,30.969
2026-04-28T09:00:00Z,9.5,98.0,30.842
2026-04-29T09:00:00Z,9.5,98.0,30.501
2026-04-30T09:00:00Z,9.5,98.0,30.707
2026-05-01T09:00:00Z,9.5,98.0,30.969
2026-05-02T09:00:00Z,9.5,98.0,31.444
2026-05-03T09:00:00Z,9.5,98.0,31.184
2026-05-04T09:00:00Z,9.5,98.0,31.948
2026-05-05T09:00:00Z,9.5,98.0,32.153
2026-05-06T09:00:00Z,9.5,98.0,32.230000000000004
2026-05-07T09:00:00Z,9.5,98.0,32.087
2026-05-08T09:00:00Z,9.5,98.0,31.959
2026-05-09T09:00:00Z,9.5,98.0,30.67
2026-05-10T09:00:00Z,9.5,98.0,30.752
2026-05-11T09:00:00Z,9.5,98.0,31.109
2026-05-12T09:00:00Z,9.5,98.0,31.468
2026-05-13T09:00:00Z,9.5,98.0,31.52
2026-05-14T09:00:00Z,9.5,98.0,30.598
2026-05-15T09:00:00Z,9.5,98.0,30.597
2026-05-16T09:00:00Z,9.5,98.0,30.749000000000002
2026-05-17T09:00:00Z,9.5,98.0,30.893
2026-05-18T09:00:00Z,9.5,98.0,30.734
2026-05-19T09:00:00Z,9.5,98.0,30.751
2026-05-20T09:00:00Z,9.5,98.0,30.515
2026-05-21T09:00:00Z,9.5,98.0,30.409
2026-05-22T09:00:00Z,9.5,98.0,30.191
2026-05-23T09:00:00Z,9.5,98.0,30.037
2026-05-24T09:00:00Z,9.5,98.0,29.945999999999998
2026-05-25T09:00:00Z,9.5,98.0,30.029
2026-05-26T09:00:00Z,9.5,98.0,30.048000000000002
2026-05-27T09:00:00Z,9.5,98.0,30.259
2026-05-28T09:00:00Z,9.5,98.0,30.335
2026-05-29T09:00:00Z,9.5,98.0,30.783
2026-05-30T09:00:00Z,9.5,98.0,30.481
2026-05-31T09:00:00Z,9.5,98.0,30.711
2026-06-01T09:00:00Z,9.5,98.0,29.467
2026-06-02T09:00:00Z,9.5,98.0,29.041
2026-06-03T09:00:00Z,9.5,98.0,28.768
2026-06-04T09:00:00Z,9.5,98.0,28.874
2026-06-05T09:00:00Z,9.5,98.0,28.997
2026-06-06T09:00:00Z,9.5,98.0,28.971
2026-06-07T09:00:00Z,9.5,98.0,29.065
2026-06-08T09:00:00Z,9.5,98.0,29.064
2026-06-09T09:00:00Z,9.5,98.0,29.047
2026-06-10T09:00:00Z,9.5,98.0,29.39
2026-06-11T09:00:00Z,9.5,98.0,30.535
2026-06-12T09:00:00Z,9.5,98.0,30.549
2026-06-13T09:00:00Z,9.5,98.0,30.421
2026-06-14T09:00:00Z,9.5,98.0,30.406
2026-06-15T09:00:00Z,9.5,98.0,30.114
2026-06-16T09:00:00Z,9.5,98.0,29.637999999999998
2026-06-17T09:00:00Z,9.5,98.0,29.693
2026-06-18T09:00:00Z,9.5,98.0,29.68
2026-06-19T09:00:00Z,9.5,98.0,29.68
2026-06-20T09:00:00Z,9.5,98.0,29.578
2026-06-21T09:00:00Z,9.5,98.0,30.059
2026-06-22T09:00:00Z,9.5,98.0,30.36
2026-06-23T09:00:00Z,9.5,98.0,30.384999999999998
2026-06-24T09:00:00Z,9.5,98.0,30.362000000000002
2026-06-25T09:00:00Z,9.5,98.0,30.365000000000002
2026-06-26T09:00:00Z,9.5,98.0,30.252
2026-06-27T09:00:00Z,9.5,98.0,30.133
2026-06-28T09:00:00Z,9.5,98.0,30.052
2026-06-29T09:00:00Z,9.5,98.0,30.012999999999998
2026-06-30T09:00:00Z,9.5,98.0,30.085
2026-07-01T09:00:00Z,9.5,98.0,30.128
2026-07-02T09:00:00Z,9.5,98.0,30.435000000000002
2026-07-03T09:00:00Z,9.5,98.0,30.291
2026-07-04T09:00:00Z,9.5,98.0,30.303
2026-07-05T09:00:00Z,9.5,98.0,30.03
2026-07-06T09:00:00Z,9.5,98.0,30.037
2026-07-07T09:00:00Z,9.5,98.0,29.983
2026-07-08T09:00:00Z,9.5,98.0,29.981
2026-07-09T09:00:00Z,9.5,98.0,29.849
2026-07-10T09:00:00Z,9.5,98.0,29.736
2026-07-11T09:00:00Z,9.5,98.0,29.451
2026-07-12T09:00:00Z,9.5,98.0,29.396
2026-07-13T09:00:00Z,9.5,98.0,29.686
2026-07-14T09:00:00Z,9.5,98.0,30.091
