time,latitude,longitude,analysed_sst
UTC,degrees_north,degrees_east,degree_C
2025-12-26T09:00:00Z,13.0,98.0,28.198
2025-12-27T09:00:00Z,13.0,98.0,28.522
2025-12-28T09:00:00Z,13.0,98.0,28.37
2025-12-29T09:00:00Z,13.0,98.0,28.39
2025-12-30T09:00:00Z,13.0,98.0,29.029
2025-12-31T09:00:00Z,13.0,98.0,28.815
2026-01-01T09:00:00Z,13.0,98.0,28.438
2026-01-02T09:00:00Z,13.0,98.0,28.385
2026-01-03T09:00:00Z,13.0,98.0,28.857
2026-01-04T09:00:00Z,13.0,98.0,29.006
2026-01-05T09:00:00Z,13.0,98.0,28.853
2026-01-06T09:00:00Z,13.0,98.0,28.784
2026-01-07T09:00:00Z,13.0,98.0,28.766
2026-01-08T09:00:00Z,13.0,98.0,28.556
2026-01-09T09:00:00Z,13.0,98.0,28.312
2026-01-10T09:00:00Z,13.0,98.0,28.071
2026-01-11T09:00:00Z,13.0,98.0,28.045
2026-01-12T09:00:00Z,13.0,98.0,28.211
2026-01-13T09:00:00Z,13.0,98.0,28.132
2026-01-14T09:00:00Z,13.0,98.0,28.098
2026-01-15T09:00:00Z,13.0,98.0,28.022
2026-01-16T09:00:00Z,13.0,98.0,27.947
2026-01-17T09:00:00Z,13.0,98.0,27.785
2026-01-18T09:00:00Z,13.0,98.0,27.783
2026-01-19T09:00:00Z,13.0,98.0,27.966
2026-01-20T09:00:00Z,13.0,98.0,27.977
2026-01-21T09:00:00Z,13.0,98.0,27.545
2026-01-22T09:00:00Z,13.0,98.0,27.307
2026-01-23T09:00:00Z,13.0,98.0,27.581
2026-01-24T09:00:00Z,13.0,98.0,27.621
2026-01-25T09:00:00Z,13.0,98.0,27.677
2026-01-26T09:00:00Z,13.0,98.0,27.993
2026-01-27T09:00:00Z,13.0,98.0,27.953
2026-01-28T09:00:00Z,13.0,98.0,27.969
2026-01-29T09:00:00Z,13.0,98.0,28.02
2026-01-30T09:00:00Z,13.0,98.0,27.617
2026-01-31T09:00:00Z,13.0,98.0,27.652
2026-02-01T09:00:00Z,13.0,98.0,28.293
2026-02-02T09:00:00Z,13.0,98.0,28.226
2026-02-03T09:00:00Z,13.0,98.0,28.145
2026-02-04T09:00:00Z,13.0,98.0,28.171
2026-02-05T09:00:00Z,13.0,98.0,28.718
2026-02-06T09:00:00Z,13.0,98.0,28.68
2026-02-07T09:00:00Z,13.0,98.0,28.597
2026-02-08T09:00:00Z,13.0,98.0,28.076999999999998
2026-02-09T09:00:00Z,13.0,98.0,28.416
2026-02-10T09:00:00Z,13.0,98.0,28.387
2026-02-11T09:00:00Z,13.0,98.0,28.112000000000002
2026-02-12T09:00:00Z,13.0,98.0,28.056
2026-02-13T09:00:00Z,13.0,98.0,28.156
2026-02-14T09:00:00Z,13.0,98.0,28.814
2026-02-15T09:00:00Z,13.0,98.0,28.732
2026-02-16T09:00:00Z,13.0,98.0,28.76
2026-02-17T09:00:00Z,13.0,98.0,28.938
2026-02-18T09:00:00Z,13.0,98.0,28.88
2026-02-19T09:00:00Z,13.0,98.0,29.426000000000002
2026-02-20T09:00:00Z,13.0,98.0,29.945
2026-02-21T09:00:00Z,13.0,98.0,29.932000000000002
2026-02-22T09:00:00Z,13.0,98.0,29.605
2026-02-23T09:00:00Z,13.0,98.0,29.527
2026-02-24T09:00:00Z,13.0,98.0,29.636
2026-02-25T09:00:00Z,13.0,98.0,29.794
2026-02-26T09:00:00Z,13.0,98.0,29.866
2026-02-27T09:00:00Z,13.0,98.0,29.961
2026-02-28T09:00:00Z,13.0,98.0,29.993000000000002
2026-03-01T09:00:00Z,13.0,98.0,30.0
2026-03-02T09:00:00Z,13.0,98.0,29.881999999999998
2026-03-03T09:00:00Z,13.0,98.0,29.991
2026-03-04T09:00:00Z,13.0,98.0,29.991
2026-03-05T09:00:00Z,13.0,98.0,29.687
2026-03-06T09:00:00Z,13.0,98.0,29.701999999999998
2026-03-07T09:00:00Z,13.0,98.0,29.831
2026-03-08T09:00:00Z,13.0,98.0,29.884
2026-03-09T09:00:00Z,13.0,98.0,29.962
2026-03-10T09:00:00Z,13.0,98.0,30.02
2026-03-11T09:00:00Z,13.0,98.0,29.908
2026-03-12T09:00:00Z,13.0,98.0,29.861
2026-03-13T09:00:00Z,13.0,98.0,29.79
2026-03-14T09:00:00Z,13.0,98.0,29.712
2026-03-15T09:00:00Z,13.0,98.0,29.606
2026-03-16T09:00:00Z,13.0,98.0,29.642
2026-03-17T09:00:00Z,13.0,98.0,29.825
2026-03-18T09:00:00Z,13.0,98.0,29.955
2026-03-19T09:00:00Z,13.0,98.0,30.065
2026-03-20T09:00:00Z,13.0,98.0,30.554000000000002
2026-03-21T09:00:00Z,13.0,98.0,30.371000000000002
2026-03-22T09:00:00Z,13.0,98.0,30.28
2026-03-23T09:00:00Z,13.0,98.0,30.409
2026-03-24T09:00:00Z,13.0,98.0,30.391
2026-03-25T09:00:00Z,13.0,98.0,30.434
2026-03-26T09:00:00Z,13.0,98.0,30.428
2026-03-27T09:00:00Z,13.0,98.0,30.711
2026-03-28T09:00:00Z,13.0,98.0,30.58
2026-03-29T09:00:00Z,13.0,98.0,30.569
2026-03-30T09:00:00Z,13.0,98.0,30.298000000000002
2026-03-31T09:00:00Z,13.0,98.0,30.487000000000002
2026-04-01T09:00:00Z,13.0,98.0,30.809
2026-04-02T09:00:00Z,13.0,98.0,31.052
2026-04-03T09:00:00Z,13.0,98.0,31.034
2026-04-04T09:00:00Z,13.0,98.0,30.736
2026-04-05T09:00:00Z,13.0,98.0,30.872
2026-04-06T09:00:00Z,13.0,98.0,30.847
2026-04-07T09:00:00Z,13.0,98.0,30.716
2026-04-08T09:00:00Z,13.0,98.0,30.643
2026-04-09T09:00:00Z,13.0,98.0,30.494
2026-04-10T09:00:00Z,13.0,98.0,30.536
2026-04-11T09:00:00Z,13.0,98.0,30.616
2026-04-12T09:00:00Z,13.0,98.0,30.55
2026-04-13T09:00:00Z,13.0,98.0,30.506999999999998
2026-04-14T09:00:00Z,13.0,98.0,30.541
2026-04-15T09:00:00Z,13.0,98.0,30.596
2026-04-16T09:00:00Z,13.0,98.0,30.871000000000002
2026-04-17T09:00:00Z,13.0,98.0,30.882
2026-04-18T09:00:00Z,13.0,98.0,30.875
2026-04-19T09:00:00Z,13.0,98.0,31.064
2026-04-20T09:00:00Z,13.0,98.0,30.586
2026-04-21T09:00:00Z,13.0,98.0,30.207
2026-04-22T09:00:00Z,13.0,98.0,30.19
2026-04-23T09:00:00Z,13.0,98.0,30.323999999999998
2026-04-24T09:00:00Z,13.0,98.0,30.909
2026-04-25T09:00:00Z,13.0,98.0,31.438
2026-04-26T09:00:00Z,13.0,98.0,31.215
2026-04-27T09:00:00Z,13.0,98.0,31.2
2026-04-28T09:00:00Z,13.0,98.0,31.607
2026-04-29T09:00:00Z,13.0,98.0,31.557000000000002
2026-04-30T09:00:00Z,13.0,98.0,31.249000000000002
2026-05-01T09:00:00Z,13.0,98.0,31.079
2026-05-02T09:00:00Z,13.0,98.0,31.188
2026-05-03T09:00:00Z,13.0,98.0,31.155
2026-05-04T09:00:00Z,13.0,98.0,31.049
2026-05-05T09:00:00Z,13.0,98.0,32.165
2026-05-06T09:00:00Z,13.0,98.0,32.096000000000004
2026-05-07T09:00:00Z,13.0,98.0,31.832
2026-05-08T09:00:00Z,13.0,98.0,31.979
2026-05-09T09:00:00Z,13.0,98.0,31.778
2026-05-10T09:00:00Z,13.0,98.0,31.8
2026-05-11T09:00:00Z,13.0,98.0,31.759
2026-05-12T09:00:00Z,13.0,98.0,31.675
2026-05-13T09:00:00Z,13.0,98.0,31.622
2026-05-14T09:00:00Z,13.0,98.0,31.384
2026-05-15T09:00:00Z,13.0,98.0,31.308
2026-05-16T09:00:00Z,13.0,98.0,30.755
2026-05-17T09:00:00Z,13.0,98.0,30.589
2026-05-18T09:00:00Z,13.0,98.0,31.528
2026-05-19T09:00:00Z,13.0,98.0,31.533
2026-05-20T09:00:00Z,13.0,98.0,31.548000000000002
2026-05-21T09:00:00Z,13.0,98.0,31.617
2026-05-22T09:00:00Z,13.0,98.0,30.6
2026-05-23T09:00:00Z,13.0,98.0,29.536
2026-05-24T09:00:00Z,13.0,98.0,29.44
2026-05-25T09:00:00Z,13.0,98.0,29.458
2026-05-26T09:00:00Z,13.0,98.0,29.512
2026-05-27T09:00:00Z,13.0,98.0,30.035
2026-05-28T09:00:00Z,13.0,98.0,30.008
2026-05-29T09:00:00Z,13.0,98.0,30.387
2026-05-30T09:00:00Z,13.0,98.0,30.642
2026-05-31T09:00:00Z,13.0,98.0,30.764
2026-06-01T09:00:00Z,13.0,98.0,30.791
2026-06-02T09:00:00Z,13.0,98.0,30.672
2026-06-03T09:00:00Z,13.0,98.0,29.856
2026-06-04T09:00:00Z,13.0,98.0,29.57
2026-06-05T09:00:00Z,13.0,98.0,29.475
2026-06-06T09:00:00Z,13.0,98.0,30.36
2026-06-07T09:00:00Z,13.0,98.0,30.616
2026-06-08T09:00:00Z,13.0,98.0,30.656
2026-06-09T09:00:00Z,13.0,98.0,30.598
2026-06-10T09:00:00Z,13.0,98.0,30.472
2026-06-11T09:00:00Z,13.0,98.0,29.872
2026-06-12T09:00:00Z,13.0,98.0,29.352
2026-06-13T09:00:00Z,13.0,98.0,29.216
2026-06-14T09:00:00Z,13.0,98.0,29.144
2026-06-15T09:00:00Z,13.0,98.0,29.212
2026-06-16T09:00:00Z,13.0,98.0,29.417
2026-06-17T09:00:00Z,13.0,98.0,29.823
2026-06-18T09:00:00Z,13.0,98.0,29.616
2026-06-19T09:00:00Z,13.0,98.0,29.506999999999998
2026-06-20T09:00:00Z,13.0,98.0,29.415
2026-06-21T09:00:00Z,13.0,98.0,29.384999999999998
2026-06-22T09:00:00Z,13.0,98.0,29.357
2026-06-23T09:00:00Z,13.0,98.0,29.252
2026-06-24T09:00:00Z,13.0,98.0,29.226
2026-06-25T09:00:00Z,13.0,98.0,29.752
2026-06-26T09:00:00Z,13.0,98.0,30.024
2026-06-27T09:00:00Z,13.0,98.0,29.879
2026-06-28T09:00:00Z,13.0,98.0,29.727
2026-06-29T09:00:00Z,13.0,98.0,29.508
2026-06-30T09:00:00Z,13.0,98.0,29.485
2026-07-01T09:00:00Z,13.0,98.0,29.740000000000002
2026-07-02T09:00:00Z,13.0,98.0,29.727
2026-07-03T09:00:00Z,13.0,98.0,29.633
2026-07-04T09:00:00Z,13.0,98.0,29.464
2026-07-05T09:00:00Z,13.0,98.0,29.295
2026-07-06T09:00:00Z,13.0,98.0,29.608
2026-07-07T09:00:00Z,13.0,98.0,29.534
2026-07-08T09:00:00Z,13.0,98.0,29.496000000000002
2026-07-09T09:00:00Z,13.0,98.0,29.48
2026-07-10T09:00:00Z,13.0,98.0,29.661
2026-07-11T09:00:00Z,13.0,98.0,29.9
2026-07-12T09:00:00Z,13.0,98.0,29.375
2026-07-13T09:00:00Z,13.0,98.0,29.184
2026-07-14T09:00:00Z,13.0,98.0,29.426000000000002
